uiopen('D:\H\MATLAB R2009a Portable\Work\isida.m',1)
% Modify expression to add input arguments.
% Example:
%   a = [1 2 3; 4 5 6]; 
%   foo(a);

isida
{??? Index exceeds matrix dimensions.

Error in ==> <a href="matlab: opentoline('D:\H\MATLAB R2009a Portable\Work\Aplot.m',10,0)">Aplot at 10</a>
plot3(class1(:, 1), class1(:, 2), class1(:, 3), 'b+');

Error in ==> <a href="matlab: opentoline('D:\H\MATLAB R2009a Portable\Work\isida.m',215,0)">isida>pushbuttonPlot_Callback at 215</a>
Aplot(cl1, cl2, pr);

Error in ==> <a href="matlab: opentoline('C:\MATLABR2009a\toolbox\matlab\guide\gui_mainfcn.m',96,0)">gui_mainfcn at 96</a>
        feval(varargin{:});

Error in ==> <a href="matlab: opentoline('D:\H\MATLAB R2009a Portable\Work\isida.m',42,0)">isida at 42</a>
    gui_mainfcn(gui_State, varargin{:});

Error in ==> @(hObject,eventdata)isida('pushbuttonPlot_Callback',hObject,eventdata,guidata(hObject))

} 
??? Error while evaluating uicontrol Callback

{??? Undefined function or variable "t".

Error in ==> <a href="matlab: opentoline('D:\H\MATLAB R2009a Portable\Work\MainS.m',27,0)">MainS at 27</a>
t = t';

Error in ==> <a href="matlab: opentoline('D:\H\MATLAB R2009a Portable\Work\Am.m',4,0)">Am at 4</a>
listOfIndex = MainS(pr);

Error in ==> <a href="matlab: opentoline('D:\H\MATLAB R2009a Portable\Work\isida.m',247,0)">isida>pushbutton4_Callback at 247</a>
                [res, out] = Am(cl1, cl2, pr);

Error in ==> <a href="matlab: opentoline('C:\MATLABR2009a\toolbox\matlab\guide\gui_mainfcn.m',96,0)">gui_mainfcn at 96</a>
        feval(varargin{:});

Error in ==> <a href="matlab: opentoline('D:\H\MATLAB R2009a Portable\Work\isida.m',42,0)">isida at 42</a>
    gui_mainfcn(gui_State, varargin{:});

Error in ==> @(hObject,eventdata)isida('pushbutton4_Callback',hObject,eventdata,guidata(hObject))

} 
??? Error while evaluating uicontrol Callback

Xi			P			q1			q2
1		91.11		8.00		10.00		2
2		86.67		8.00		20.00		4
3		86.67		24.00		0.00		5
4		84.44		16.00		15.00		3
5		82.22		12.00		25.00		8
6		71.11		4.00		60.00		6
7		68.89		40.00		20.00		7
8		66.67		32.00		35.00		1
9		93.33		12.00		0.00		2  4
10		93.33		8.00		5.00		2  8
11		93.33		0.00		15.00		5  8
12		91.11		8.00		10.00		2  3
13		91.11		8.00		10.00		2  7
14		88.89		8.00		15.00		1  2
15		88.89		16.00		5.00		2  6
16		88.89		20.00		0.00		3  4
17		88.89		8.00		15.00		3  6
18		86.67		16.00		10.00		3  7
19		86.67		20.00		5.00		3  8
20		86.67		8.00		20.00		4  5
21		86.67		8.00		20.00		7  8
22		84.44		8.00		25.00		1  8
23		84.44		20.00		10.00		2  5
24		84.44		12.00		20.00		4  8
25		84.44		4.00		30.00		6  8
26		80.00		16.00		25.00		1  3
27		80.00		0.00		45.00		3  5
28		80.00		12.00		30.00		5  6
29		77.78		20.00		25.00		4  6
30		75.56		44.00		0.00		5  7
31		73.33		12.00		45.00		1  4
32		73.33		0.00		60.00		1  5
33		73.33		8.00		50.00		1  6
34		73.33		0.00		60.00		4  7
35		71.11		0.00		65.00		6  7
36		68.89		16.00		50.00		1  7
37		95.56		4.00		5.00		2  3  4
38		95.56		8.00		0.00		2  4  7
39		95.56		4.00		5.00		2  4  8
40		95.56		4.00		5.00		2  7  8
41		95.56		0.00		10.00		4  5  8
42		95.56		0.00		10.00		5  7  8
43		93.33		12.00		0.00		1  2  4
44		93.33		8.00		5.00		1  2  8
45		93.33		0.00		15.00		2  3  8
46		93.33		8.00		5.00		2  4  6
47		93.33		0.00		15.00		2  5  8
48		93.33		0.00		15.00		2  6  7
49		93.33		8.00		5.00		2  6  8
50		93.33		0.00		15.00		3  5  8
51		93.33		4.00		10.00		5  6  8
52		91.11		8.00		10.00		1  2  3
53		91.11		8.00		10.00		1  2  7
54		91.11		8.00		10.00		1  3  6
55		91.11		12.00		5.00		1  5  8
56		91.11		4.00		15.00		2  3  5
57		91.11		4.00		15.00		2  3  6
58		91.11		8.00		10.00		2  3  7
59		91.11		8.00		10.00		2  4  5
60		91.11		12.00		5.00		2  5  6
61		91.11		12.00		5.00		3  4  6
62		91.11		12.00		5.00		3  5  6
63		91.11		4.00		15.00		3  6  7
64		91.11		8.00		10.00		3  6  8
65		91.11		0.00		20.00		3  7  8
66		88.89		8.00		15.00		1  2  6
67		88.89		4.00		20.00		3  4  5
68		88.89		0.00		25.00		3  4  8
69		86.67		20.00		5.00		1  2  5
70		86.67		20.00		5.00		1  3  8
71		86.67		0.00		30.00		1  4  8
72		86.67		12.00		15.00		1  7  8
73		86.67		16.00		10.00		2  5  7
74		86.67		12.00		15.00		3  4  7
75		86.67		4.00		25.00		4  5  6
76		86.67		0.00		30.00		4  6  8
77		86.67		0.00		30.00		4  7  8
78		86.67		4.00		25.00		6  7  8
79		84.44		8.00		25.00		1  3  4
80		84.44		24.00		5.00		1  6  8
81		84.44		16.00		15.00		4  5  7
82		84.44		4.00		30.00		5  6  7
83		82.22		20.00		15.00		1  4  5
84		80.00		0.00		45.00		1  3  5
85		80.00		16.00		25.00		1  3  7
86		80.00		0.00		45.00		3  5  7
87		80.00		0.00		45.00		4  6  7
88		77.78		24.00		20.00		1  4  6
89		77.78		20.00		25.00		1  5  6
90		77.78		16.00		30.00		1  6  7
91		75.56		24.00		25.00		1  5  7
92		73.33		44.00		5.00		1  4  7
93		97.78		0.00		5.00		2  3  4  7
94		97.78		0.00		5.00		2  5  7  8
95		95.56		8.00		0.00		1  2  3  4
96		95.56		8.00		0.00		1  2  3  7
97		95.56		8.00		0.00		1  2  4  7
98		95.56		4.00		5.00		1  2  7  8
99		95.56		0.00		10.00		1  4  5  8
100		95.56		0.00		10.00		1  5  7  8
101		95.56		4.00		5.00		2  3  4  5
102		95.56		4.00		5.00		2  3  4  8
103		95.56		4.00		5.00		2  3  7  8
104		95.56		0.00		10.00		2  4  5  8
105		95.56		4.00		5.00		2  4  6  7
106		95.56		0.00		10.00		2  4  7  8
107		95.56		4.00		5.00		2  6  7  8
108		95.56		0.00		10.00		3  4  5  8
109		95.56		0.00		10.00		3  5  7  8
110		95.56		0.00		10.00		4  5  7  8
111		93.33		4.00		10.00		1  2  3  8
112		93.33		8.00		5.00		1  2  4  5
113		93.33		8.00		5.00		1  2  4  6
114		93.33		8.00		5.00		1  2  4  8
115		93.33		0.00		15.00		1  2  5  8
116		93.33		8.00		5.00		1  2  6  7
117		93.33		4.00		10.00		1  2  6  8
118		93.33		0.00		15.00		1  3  5  8
119		93.33		4.00		10.00		1  3  6  8
120		93.33		0.00		15.00		1  5  6  8
121		93.33		8.00		5.00		2  3  4  6
122		93.33		4.00		10.00		2  3  5  8
123		93.33		0.00		15.00		2  3  6  8
124		93.33		8.00		5.00		2  4  6  8
125		93.33		8.00		5.00		2  5  6  8
126		93.33		12.00		0.00		3  4  5  6
127		93.33		8.00		5.00		3  4  6  7
128		93.33		8.00		5.00		3  4  6  8
129		93.33		12.00		0.00		3  5  6  8
130		93.33		8.00		5.00		3  6  7  8
131		93.33		4.00		10.00		4  5  6  8
132		93.33		4.00		10.00		5  6  7  8
133		91.11		8.00		10.00		1  2  3  5
134		91.11		4.00		15.00		1  2  3  6
135		91.11		16.00		0.00		1  3  4  6
136		91.11		12.00		5.00		1  3  6  7
137		91.11		4.00		15.00		2  3  5  6
138		91.11		8.00		10.00		2  3  5  7
139		91.11		4.00		15.00		2  3  6  7
140		91.11		16.00		0.00		2  4  5  6
141		91.11		16.00		0.00		2  4  5  7
142		91.11		12.00		5.00		2  5  6  7
143		91.11		12.00		5.00		3  5  6  7
144		88.89		12.00		10.00		1  2  5  6
145		88.89		12.00		10.00		1  2  5  7
146		88.89		0.00		25.00		1  3  4  8
147		88.89		8.00		15.00		1  3  7  8
148		88.89		0.00		25.00		1  4  5  6
149		88.89		0.00		25.00		3  4  5  7
150		88.89		16.00		5.00		3  4  7  8
151		88.89		12.00		10.00		4  5  6  7
152		86.67		20.00		5.00		1  3  4  5
153		86.67		12.00		15.00		1  3  4  7
154		86.67		8.00		20.00		1  3  5  6
155		86.67		4.00		25.00		1  4  6  8
156		86.67		4.00		25.00		1  4  7  8
157		86.67		4.00		25.00		1  6  7  8
158		86.67		4.00		25.00		4  6  7  8
159		84.44		24.00		5.00		1  4  5  7
160		84.44		8.00		25.00		1  5  6  7
161		80.00		12.00		30.00		1  3  5  7
162		77.78		40.00		0.00		1  4  6  7
163		97.78		4.00		0.00		1  2  3  4  6
164		97.78		4.00		0.00		1  2  3  4  7
165		97.78		4.00		0.00		1  2  3  4  8
166		97.78		0.00		5.00		1  2  3  7  8
167		97.78		0.00		5.00		1  2  4  6  8
168		97.78		0.00		5.00		1  2  5  7  8
169		97.78		0.00		5.00		1  3  4  6  8
170		97.78		0.00		5.00		2  3  4  5  7
171		97.78		0.00		5.00		2  3  4  7  8
172		97.78		0.00		5.00		2  3  5  7  8
173		95.56		8.00		0.00		1  2  3  4  5
174		95.56		4.00		5.00		1  2  4  5  7
175		95.56		0.00		10.00		1  2  4  5  8
176		95.56		4.00		5.00		1  2  4  7  8
177		95.56		4.00		5.00		1  2  6  7  8
178		95.56		0.00		10.00		1  3  4  5  8
179		95.56		0.00		10.00		1  3  5  7  8
180		95.56		4.00		5.00		1  3  6  7  8
181		95.56		0.00		10.00		1  4  5  6  8
182		95.56		0.00		10.00		1  4  5  7  8
183		95.56		0.00		10.00		2  3  4  5  8
184		95.56		4.00		5.00		2  3  4  6  7
185		95.56		0.00		10.00		2  3  4  6  8
186		95.56		4.00		5.00		2  4  5  6  7
187		95.56		0.00		10.00		2  4  5  6  8
188		95.56		4.00		5.00		2  4  5  7  8
189		95.56		4.00		5.00		2  5  6  7  8
190		95.56		0.00		10.00		3  4  5  7  8
191		95.56		4.00		5.00		3  5  6  7  8
192		93.33		8.00		5.00		1  2  3  5  7
193		93.33		4.00		10.00		1  2  3  5  8
194		93.33		0.00		15.00		1  2  3  6  7
195		93.33		4.00		10.00		1  2  3  6  8
196		93.33		8.00		5.00		1  2  4  5  6
197		93.33		8.00		5.00		1  2  4  6  7
198		93.33		4.00		10.00		1  2  5  6  7
199		93.33		0.00		15.00		1  2  5  6  8
200		93.33		0.00		15.00		1  3  4  5  6
201		93.33		12.00		0.00		1  3  4  6  7
202		93.33		4.00		10.00		1  3  5  6  8
203		93.33		4.00		10.00		1  5  6  7  8
204		93.33		12.00		0.00		2  3  4  5  6
205		93.33		0.00		15.00		2  3  5  6  7
206		93.33		0.00		15.00		2  3  5  6  8
207		93.33		0.00		15.00		2  3  6  7  8
208		93.33		4.00		10.00		2  4  6  7  8
209		93.33		12.00		0.00		3  4  5  6  7
210		93.33		12.00		0.00		3  4  5  6  8
211		93.33		4.00		10.00		3  4  6  7  8
212		93.33		4.00		10.00		4  5  6  7  8
213		91.11		4.00		15.00		1  2  3  5  6
214		91.11		12.00		5.00		1  3  4  5  7
215		91.11		8.00		10.00		1  3  5  6  7
216		88.89		8.00		15.00		1  3  4  7  8
217		86.67		4.00		25.00		1  4  5  6  7
218		86.67		4.00		25.00		1  4  6  7  8
219		100.00		0.00		0.00		1  2  3  4  7  8
220		97.78		0.00		5.00		1  2  3  4  5  7
221		97.78		4.00		0.00		1  2  3  4  5  8
222		97.78		0.00		5.00		1  2  3  4  6  7
223		97.78		4.00		0.00		1  2  3  4  6  8
224		97.78		4.00		0.00		1  2  3  5  7  8
225		97.78		4.00		0.00		1  2  4  5  6  8
226		97.78		0.00		5.00		1  2  4  5  7  8
227		97.78		4.00		0.00		1  2  4  6  7  8
228		97.78		0.00		5.00		1  2  5  6  7  8
229		97.78		4.00		0.00		1  3  4  5  6  8
230		97.78		0.00		5.00		1  3  5  6  7  8
231		95.56		8.00		0.00		1  2  3  4  5  6
232		95.56		4.00		5.00		1  2  3  6  7  8
233		95.56		0.00		10.00		1  2  4  5  6  7
234		95.56		0.00		10.00		1  3  4  5  6  7
235		95.56		0.00		10.00		1  3  4  5  7  8
236		95.56		8.00		0.00		1  3  4  6  7  8
237		95.56		0.00		10.00		1  4  5  6  7  8
238		95.56		4.00		5.00		2  3  4  5  6  7
239		95.56		0.00		10.00		2  3  4  5  6  8
240		95.56		8.00		0.00		2  3  4  5  7  8
241		95.56		4.00		5.00		2  3  4  6  7  8
242		95.56		8.00		0.00		2  3  5  6  7  8
243		95.56		8.00		0.00		2  4  5  6  7  8
244		95.56		8.00		0.00		3  4  5  6  7  8
245		93.33		0.00		15.00		1  2  3  5  6  7
246		93.33		0.00		15.00		1  2  3  5  6  8
247		100.00		0.00		0.00		1  2  3  4  6  7  8
248		97.78		0.00		5.00		1  2  3  4  5  6  7
249		97.78		4.00		0.00		1  2  3  4  5  6  8
250		97.78		4.00		0.00		1  2  3  4  5  7  8
251		97.78		4.00		0.00		1  2  4  5  6  7  8
252		97.78		4.00		0.00		1  3  4  5  6  7  8
253		95.56		8.00		0.00		1  2  3  5  6  7  8
254		95.56		8.00		0.00		2  3  4  5  6  7  8
255		100.00		0.00		0.00		1  2  3  4  5  6  7  8
diary off
