20 60 2
0.0800000000000000	1.07000000000000
0.480000000000000	1.12000000000000
0.300000000000000	1.14000000000000
0.0400000000000000	1.15000000000000
0.100000000000000	1.15000000000000
0.140000000000000	1.15000000000000
0.500000000000000	1.15000000000000
0.160000000000000	1.17000000000000
0.390000000000000	1.17000000000000
0.600000000000000	1.17000000000000
0.0600000000000000	1.20000000000000
0.0900000000000000	1.20000000000000
0.110000000000000	1.20000000000000
0.300000000000000	1.20000000000000
0.140000000000000	1.22000000000000
0.300000000000000	1.22000000000000
0.110000000000000	1.20000000000000
0.300000000000000	1.20000000000000
0.140000000000000	1.22000000000000
0.300000000000000	1.22000000000000
0.0200000000000000	2.19000000000000
0.0200000000000000	2.20000000000000
0.0200000000000000	2.23000000000000
0.0200000000000000	2.28000000000000
0.0200000000000000	2.30000000000000
0.0200000000000000	2.32000000000000
0.0500000000000000	1.34000000000000
0.0500000000000000	1.45000000000000
0.0500000000000000	1.57000000000000
0.0500000000000000	1.64000000000000
0.0500000000000000	1.78000000000000
0.0500000000000000	1.82000000000000
0.0500000000000000	1.05000000000000
0.0700000000000000	1.30000000000000
0.0700000000000000	1.52000000000000
0.0700000000000000	1.72000000000000
0.0700000000000000	1.97000000000000
0.0900000000000000	1.54000000000000
0.0900000000000000	1.64000000000000
0.120000000000000	1.37000000000000
0.680000000000000	0.590000000000000
0.730000000000000	1.42000000000000
0.720000000000000	2.07000000000000
0.750000000000000	1.47000000000000
0.770000000000000	1.22000000000000
0.770000000000000	1.71000000000000
0.860000000000000	1.33000000000000
0.860000000000000	1.56000000000000
0.900000000000000	1.55000000000000
0.900000000000000	1.56000000000000
0.900000000000000	0.770000000000000
0.900000000000000	1.68000000000000
0.910000000000000	1.82000000000000
0.930000000000000	1.77000000000000
0.930000000000000	1.79000000000000
0.930000000000000	1.90000000000000
0.950000000000000	1.25000000000000
1.03000000000000		2.30000000000000
0.950000000000000	1.25000000000000
1.03000000000000		2.30000000000000
0.150000000000000	0.400000000000000
0.150000000000000	1.55000000000000
0.170000000000000	1.23000000000000
0.200000000000000	1.50000000000000
0.270000000000000	1.35000000000000
0.270000000000000	1.55000000000000
0.290000000000000	1.35000000000000
0.400000000000000	1.35000000000000
0.400000000000000	1.60000000000000
0.450000000000000	1.25000000000000
0.450000000000000	0.370000000000000
0.500000000000000	1.35000000000000
0.540000000000000	1.32000000000000
0.580000000000000	1.37000000000000
0.580000000000000	1.33000000000000
0.600000000000000	1.40000000000000
0.600000000000000	1.43000000000000
0.650000000000000	1.38000000000000
0.700000000000000	1.43000000000000
0.730000000000000	1.25000000000000