20 25 8
0.17	0.65	1.55	0.07	0.04	0.63	0.62	0.1
0.30	0.63	1.59	0.08	0.02	0.82	0.54	0.0
0.25	0.65	1.55	0.07	0.02	0.69	0.55	0.06
0.20	0.64	1.56	0.07	0.02	0.69	0.55	0.06
0.18	0.67	1.49	0.32	0.02	0.71	0.73	0.07
0.27	0.63	1.58	0.08	0.02	0.86	0.61	0.06
0.31	0.61	1.64	0.09	0.02	0.81	0.64	0.06
0.34	0.19	5.26	0.10	0.02	49.27	0.63	0.05
0.18	0.64	1.55	0.37	0.03	0.65	0.75	0.08
0.21	0.52	1.94	0.47	0.02	0.79	0.82	0.09
0.23	0.72	1.39	0.08	0.03	0.73	0.67	0.07
0.18	0.69	1.46	0.08	0.04	0.79	0.62	0.10
0.18	0.67	1.5	    0.08	0.04	0.78	0.55	0.11
0.18	0.65	1.55	0.08	0.04	0.68	0.68	0.13
0.17	0.66	1.51	0.07	0.04	0.59	0.52	0.11
0.18	0.64	1.55	0.37	0.03	0.65	0.75	0.08
0.20	0.66	1.52	0.08	0.03	0.66	0.69	0.15
0.27	0.58	1.72	0.09	0.02	0.64	0.67	0.16
0.30	0.53	1.87	0.09	0.02	0.61	0.68	0.14
0.20	0.69	1.45	0.08	0.03	0.80	0.64	0.08
0.21	0.51	1.98	0.07	0.02	0.65	0.56	0.09
0.24	0.42	2.39	0.07	0.02	0.61	0.64	0.10
0.25	0.43	2.34	0.08	0.02	0.64	0.60	0.13
0.19	0.52	1.94	0.07	0.03	0.68	0.52	0.10
0.26	0.55	1.83	0.05	0.01	0.74	0.52	0.09
0.23	0.54	1.85	0.07	0.02	0.62	0.59	0.12
0.20	0.52	1.93	0.08	0.03	0.65	0.65	0.11
0.32	0.56	1.80	0.09	0.01	0.57	0.70	0.14
0.20	0.55	1.83	0.08	0.03	0.70	0.62	0.12
0.35	0.46	2.19	0.08	0.010	0.60	0.52	0.13
0.19	0.58	1.71	0.06	0.025	0.55	0.60	0.10
0.24	0.50	1.99	0.07	0.012	0.71	0.76	0.12
0.48	0.35	2.76	0.07	0.007	0.70	0.83	0.12
0.30	0.54	1.83	0.07	0.017	0.65	0.55	0.12
0.30	0.61	1.63	0.06	0.012	0.65	0.56	0.11
0.65	0.37	2.66	0.07	0.005	0.66	0.83	0.14
0.45	0.43	2.31	0.08	0.010	0.67	0.81	0.16
0.26	0.65	1.53	0.08	0.020	0.69	0.81	0.15
0.23	0.48	2.08	0.08	0.023	0.72	0.75	0.14
0.21	0.42	2.38	0.07	0.022	0.77	0.73	0.11
0.43	0.53	1.90	0.06	0.009	0.68	0.78	0.12
0.39	0.56	1.78	0.06	0.010	0.65	0.77	0.12
0.36	0.56	1.79	0.06	0.013	0.69	0.73	0.12
0.32	0.51	1.97	0.06	0.015	0.71	0.70	0.11
0.27	0.50	1.97	0.06	0.015	0.71	0.65	0.11

							
							
							
							
							
							
							
							
							
							
