100 100 2
11	24
14	22
5	23
12	22
11	23
7	22
9	24
11	24
18	25
16	23
7	21
17	22
12	25
10	22
12	24
10	23
10	25
13	21
13	23
13	22
12	27
7	24
12	25
14	22
11	23
12	23
12	24
9	23
11	24
8	21
12	23
7	22
8	21
8	24
3	23
13	23
11	21
8	24
13	24
6	23
10	23
9	23
11	21
11	23
8	22
10	22
10	22
11	22
13	21
13	24
8	24
10	23
7	23
7	22
10	24
14	23
8	22
11	25
10	23
13	22
8	23
10	22
11	22
13	26
14	25
10	23
7	22
8	22
8	23
15	24
9	22
12	20
10	21
12	24
8	24
7	24
7	23
11	23
10	23
10	24
13	21
11	24
11	22
14	23
8	24
12	24
12	22
9	25
11	24
7	23
7	23
10	23
12	23
16	23
9	23
10	24
10	25
6	24
9	23
6	24
17	24
16	23
18	25
18	25
17	25
18	24
18	25
16	24
17	25
17	25
17	25
19	24
16	24
17	25
17	22
16	24
17	23
17	24
19	25
17	25
16	23
19	24
19	24
17	24
16	25
17	25
17	24
18	24
17	22
18	25
18	24
16	23
16	24
17	23
17	24
17	24
17	26
14	25
17	22
19	25
16	23
18	24
18	24
17	25
17	24
16	26
17	24
19	25
17	25
17	24
17	25
17	25
18	24
18	23
17	26
17	24
19	24
15	25
20	24
18	24
18	24
16	24
17	26
17	24
18	25
16	25
18	24
16	23
17	24
18	24
18	23
18	25
18	24
17	24
18	25
16	24
16	24
18	25
17	23
17	25
18	27
18	25
18	24
19	25
18	23
18	26
17	25
17	25
18	24
16	25
17	24
15	24
18	24
18	23
17	24
17	24
15	23
18	25
15	24
15	25